690577053
637549705
500276966
864934936
497764157
402441752
738610974
803222156
170865445
575420568
333044080
923504591
465724611
172605343
860670336
160578780
883219151
511311707
235007629
269418535
354345664
387481952
683257882
679717827
856278033
548424198
910841189
547950075
695169733
639037458
925429046
790853491
416552310
330811864
914111566
661135226
701049271
518556844
969401261
682138761
171043411
518705435
281476639
478415196
287011733
194077346
635879414
915955427
798706381
967516595
765588483
